DFS Line
0 	 12 	 10
0.010971 	 904 	 60
0.043882 	 1701 	 110
0.075798 	 6617 	 160
0.201004 	 8073 	 210
0.104544 	 1 	 260
0.019029 	 2911 	 310
0.478838 	 2006 	 360
0.146712 	 1 	 410
0.007967 	 1 	 460
0.264150 	 1 	 510
0.234284 	 1 	 560
0.264484 	 1 	 610
0.010640 	 1 	 660
0.003906 	 1 	 710
0.185630 	 1 	 760
0.049974 	 1 	 810
0.054003 	 1 	 860
0.032611 	 1 	 910
0.030499 	 1 	 960
==================
DFS Open
0 	 23 	 10
0.001994 	 247 	 60
0.003896 	 263 	 110
0.007040 	 1214 	 160
0.009974 	 1649 	 210
0.016849 	 1763 	 260
0.033126 	 5240 	 310
0.022938 	 3735 	 360
0.046966 	 6555 	 410
0.045317 	 5491 	 460
0.098927 	 12567 	 510
0.095479 	 10800 	 560
0.062124 	 9070 	 610
2.450786 	 13754 	 660
0.136469 	 18186 	 710
3.032158 	 20561 	 760
0.264438 	 33860 	 810
0.205232 	 28234 	 860
0.167473 	 16196 	 910
0.280709 	 38892 	 960
==================
DFS Loopy
0.001891 	 14 	 10
0.003028 	 423 	 60
0.037025 	 515 	 110
0.068203 	 1017 	 160
0.008996 	 1265 	 210
0.028103 	 2591 	 260
0.011005 	 1692 	 310
0.096678 	 10072 	 360
0.059595 	 5597 	 410
0.092125 	 6371 	 460
0.055072 	 5856 	 510
0.127284 	 12805 	 560
0.166663 	 11788 	 610
0.250897 	 15670 	 660
0.155807 	 10558 	 710
0.131139 	 13234 	 760
0.209764 	 13860 	 810
0.143885 	 14114 	 860
0.131489 	 12829 	 910
0.295156 	 24082 	 960
==================
DFS Perfect
0.002992 	 11 	 10
0.004059 	 366 	 60
0.014580 	 553 	 110
0.032012 	 2655 	 160
0.092962 	 5432 	 210
0.167153 	 5796 	 260
0.091762 	 7131 	 310
0.138746 	 7406 	 360
0.148890 	 11443 	 410
0.333548 	 20472 	 460
0.677845 	 9950 	 510
0.786343 	 13330 	 560
0.397227 	 23333 	 610
0.971114 	 24617 	 660
0.966543 	 22797 	 710
1.233218 	 71830 	 760
1.295744 	 61908 	 810
1.866035 	 48912 	 860
1.292759 	 83284 	 910
1.251400 	 65299 	 960
BFS Line
0.012945 	 9 	 10
0.045595 	 64 	 60
0.153950 	 142 	 110
0.229070 	 162 	 160
0.433813 	 0 	 210
0.352433 	 260 	 260
0.798218 	 770 	 310
0.788705 	 0 	 360
0.917691 	 0 	 410
1.602578 	 0 	 460
0.125110 	 0 	 510
1.058257 	 0 	 560
0.031411 	 0 	 610
0.077216 	 0 	 660
0.116398 	 0 	 710
0.233707 	 0 	 760
0.022975 	 0 	 810
0.089786 	 0 	 860
0.089025 	 0 	 910
0.068816 	 0 	 960
==================
BFS Open
0.000856 	 11 	 10
0.037958 	 114 	 60
0.198220 	 210 	 110
0.271079 	 312 	 160
0.467949 	 409 	 210
0.727313 	 513 	 260
1.000826 	 606 	 310
1.330381 	 713 	 360
1.800367 	 811 	 410
2.225966 	 911 	 460
3.098447 	 1014 	 510
3.537518 	 1113 	 560
4.470289 	 1214 	 610
4.839220 	 1313 	 660
5.903887 	 1414 	 710
6.440892 	 1514 	 760
7.457344 	 1612 	 810
8.107891 	 1711 	 860
9.680911 	 1813 	 910
0:00:10.508691 	 1913 	 960
==================
BFS Loopy
0.062800 	 27 	 10
0.022971 	 140 	 60
0.075360 	 279 	 110
0.175439 	 370 	 160
0.316361 	 510 	 210
0.479741 	 641 	 260
0.668626 	 818 	 310
0.928273 	 868 	 360
1.259934 	 996 	 410
1.487224 	 1090 	 460
1.946710 	 1260 	 510
2.272790 	 1352 	 560
2.727219 	 1524 	 610
3.112291 	 1646 	 660
3.840064 	 1705 	 710
4.371663 	 1824 	 760
5.041074 	 1934 	 810
5.614789 	 2078 	 860
6.166415 	 2235 	 910
6.815012 	 2315 	 960
==================
BFS Perfect
0.028575 	 13 	 10
0.014961 	 694 	 60
0.080590 	 1662 	 110
0.098144 	 2608 	 160
0.137464 	 4393 	 210
0.205590 	 4983 	 260
0.404502 	 8766 	 310
0.315988 	 9551 	 360
1.294757 	 17584 	 410
0.516956 	 13011 	 460
1.132998 	 20576 	 510
0.863320 	 17171 	 560
1.206220 	 28157 	 610
1.685043 	 34954 	 660
1.671377 	 36632 	 710
1.092219 	 24067 	 760
1.917923 	 41188 	 810
2.619838 	 44526 	 860
1.977594 	 41564 	 910
2.813376 	 65656 	 960
A* Line
0.012039 	 9 	 10
0.010986 	 76 	 60
0.033964 	 124 	 110
0.167652 	 145 	 160
0.308154 	 352 	 210
0.130998 	 405 	 260
0.224286 	 573 	 310
0.016895 	 36 	 360
0.312489 	 637 	 410
0.130623 	 241 	 460
0.095805 	 219 	 510
0.183313 	 264 	 560
0.579184 	 619 	 610
0.147678 	 335 	 660
0.152583 	 311 	 710
0.634577 	 491 	 760
0.060820 	 122 	 810
0.006608 	 55 	 860
0.097730 	 82 	 910
0.288503 	 557 	 960
==================
A* Open
0.000997 	 9 	 10
0.013098 	 113 	 60
0.061568 	 212 	 110
0.139608 	 312 	 160
0.276357 	 413 	 210
0.608666 	 512 	 260
0.545505 	 613 	 310
0.776871 	 712 	 360
1.049255 	 806 	 410
1.347747 	 912 	 460
1.565611 	 1012 	 510
2.011692 	 1111 	 560
2.335192 	 1213 	 610
2.868551 	 1310 	 660
3.708966 	 1412 	 710
4.129452 	 1513 	 760
4.563628 	 1613 	 810
5.387741 	 1709 	 860
6.748671 	 1811 	 910
7.489522 	 1912 	 960
==================
A* Loopy
0.047904 	 17 	 10
0.010977 	 145 	 60
0.052376 	 285 	 110
0.100407 	 425 	 160
0.149326 	 511 	 210
0.320938 	 644 	 260
0.373354 	 769 	 310
0.481163 	 867 	 360
0.496538 	 952 	 410
0.751407 	 1078 	 460
1.222777 	 1222 	 510
1.148561 	 1294 	 560
1.814819 	 1494 	 610
1.688302 	 1571 	 660
1.879600 	 1693 	 710
2.254267 	 1827 	 760
3.119077 	 2004 	 810
2.751270 	 2071 	 860
3.746029 	 2219 	 910
4.300482 	 2322 	 960
==================
A* Perfect
0.054546 	 16 	 10
0.007009 	 521 	 60
0.011610 	 987 	 110
0.080672 	 3479 	 160
0.076879 	 5290 	 210
0.095689 	 5478 	 260
0.104107 	 6521 	 310
0.103739 	 6761 	 360
0.500056 	 17167 	 410
0.205676 	 11308 	 460
0.842811 	 36721 	 510
0.669023 	 23746 	 560
1.000193 	 29676 	 610
0.694051 	 23492 	 660
1.091678 	 39748 	 710
1.093970 	 37343 	 760
2.032246 	 56845 	 810
2.068070 	 57375 	 860
2.318170 	 74491 	 910
2.241027 	 52005 	 960